1,1,208.7,250.3,94.19999999999999,40.30000000000001,1,1,1.0
1,2,121.5,333.3,134.2,59.0,1,1,1.0
1,3,734.92,265.72,70.25,39.46999999999997,1,1,1.0
2,1,208.7,250.33,94.19999999999999,40.309999999999974,1,1,1.0
2,2,97.35,336.7,136.95000000000002,60.0,1,1,1.0
2,3,720.94,269.14,70.2399999999999,37.25999999999999,1,1,1.0
3,1,208.7,250.36,94.19999999999999,40.329999999999984,1,1,1.0
3,2,73.2,340.1,139.7,61.0,1,1,1.0
3,3,707.26,270.69,71.44000000000005,39.47000000000003,1,1,1.0
4,1,208.7,250.4,94.19999999999999,40.33000000000001,1,1,1.0
4,2,48.8,344.0,141.7,62.56999999999999,1,1,1.0
4,3,693.9,271.62,73.37,39.48000000000002,1,1,1.0
5,1,208.7,250.43,94.19999999999999,40.349999999999966,1,1,1.0
5,2,24.4,347.9,143.7,64.13,1,1,1.0
5,3,678.95,273.37,74.9799999999999,40.120000000000005,1,1,1.0
6,1,208.7,250.46,94.19999999999999,40.359999999999985,1,1,1.0
6,2,0.0,351.8,145.7,65.69999999999999,1,1,1.0
6,3,664.01,275.12,76.59000000000003,40.75,1,1,1.0
7,1,208.7,250.49,94.19999999999999,40.370000000000005,1,1,1.0
7,2,0.0,355.75,121.84,66.44999999999999,1,1,1.0
7,3,649.07,276.86,78.19999999999993,41.39999999999998,1,1,1.0
8,1,208.7,250.52,94.19999999999999,40.390000000000015,1,1,1.0
8,2,0.0,359.7,97.98,67.19999999999999,1,1,1.0
8,3,634.13,278.61,79.79999999999995,42.039999999999964,1,1,1.0
9,1,208.7,250.56,94.19999999999999,40.389999999999986,1,1,1.0
9,2,0.0,363.9,74.12,56.700000000000045,1,1,1.0
9,3,619.19,280.35,81.40999999999997,42.69,1,1,1.0
10,1,208.7,250.59,94.19999999999999,40.41,1,1,1.0
10,2,0.0,368.9,50.26,55.25,1,1,1.0
10,3,604.24,282.1,83.02999999999997,43.31999999999999,1,1,1.0
11,1,208.7,250.62,94.19999999999999,40.420000000000016,1,1,1.0
11,2,0.0,377.1,26.4,50.599999999999966,1,1,1.0
11,3,589.3,283.84,84.63,43.97000000000003,1,1,1.0
12,1,208.7,250.65,94.19999999999999,40.42999999999998,1,1,1.0
12,3,574.36,285.59,86.24000000000001,44.610000000000014,1,1,1.0
13,1,208.7,250.68,94.19999999999999,40.44999999999999,1,1,1.0
13,3,559.3,287.3,86.10000000000002,42.5,1,1,1.0
14,1,208.7,250.72,94.19999999999999,40.45000000000002,1,1,1.0
14,3,543.21,290.38,87.51999999999998,45.22000000000003,1,1,1.0
15,1,208.7,250.75,94.19999999999999,40.47000000000003,1,1,1.0
15,3,527.02,291.89,88.93000000000006,46.85000000000002,1,1,1.0
16,1,208.7,250.78,94.19999999999999,40.47999999999999,1,1,1.0
16,3,510.41,294.38,90.33999999999997,47.51999999999998,1,1,1.0
17,1,208.7,250.81,94.19999999999999,40.49000000000001,1,1,1.0
17,3,493.35,296.25,91.73000000000002,50.50999999999999,1,1,1.0
18,1,208.7,250.84,94.19999999999999,40.51000000000002,1,1,1.0
18,3,476.52,298.46,93.13999999999999,51.35000000000002,1,1,1.0
19,1,208.7,250.88,94.19999999999999,40.50999999999999,1,1,1.0
19,3,459.26,302.02,94.54999999999995,52.200000000000045,1,1,1.0
20,1,208.7,250.91,94.19999999999999,40.53,1,1,1.0
20,3,441.23,304.69,95.97000000000003,53.05000000000001,1,1,1.0
21,1,208.7,250.94,94.19999999999999,40.54000000000002,1,1,1.0
21,3,424.39,306.73,99.40999999999997,53.90999999999997,1,1,1.0
22,1,208.7,250.97,94.19999999999999,40.54999999999998,1,1,1.0
22,3,405.52,310.1,101.96000000000004,54.75,1,1,1.0
23,1,208.7,251.0,94.19999999999999,40.56999999999999,1,1,1.0
23,3,387.16,313.2,103.53999999999996,55.60000000000002,1,1,1.0
24,1,208.7,251.04,94.19999999999999,40.57000000000002,1,1,1.0
24,3,368.67,316.02,103.13,56.5,1,1,1.0
25,1,208.7,251.07,94.19999999999999,40.59000000000003,1,1,1.0
25,3,349.43,319.2,105.96999999999997,57.35000000000002,1,1,1.0
26,1,208.7,251.1,94.19999999999999,40.599999999999994,1,1,1.0
26,3,329.72,322.75,108.88,58.19999999999999,1,1,1.0
27,1,208.7,251.13,94.19999999999999,40.610000000000014,1,1,1.0
27,3,309.23,325.71,112.07,59.05000000000001,1,1,1.0
28,1,208.7,251.16,94.19999999999999,40.630000000000024,1,1,1.0
28,3,287.27,328.7,115.73000000000002,59.900000000000034,1,1,1.0
29,1,208.7,251.2,94.19999999999999,40.629999999999995,1,1,1.0
29,3,264.46,332.4,119.44,61.700000000000045,1,1,1.0
30,1,208.7,251.23,94.19999999999999,40.650000000000006,1,1,1.0
30,3,245.96,335.76,118.73999999999998,63.23000000000002,1,1,1.0
31,1,208.7,251.26,94.19999999999999,40.660000000000025,1,1,1.0
31,3,222.88,339.51,121.82,64.13999999999999,1,1,1.0
32,1,208.7,251.29,94.19999999999999,40.66999999999999,1,1,1.0
32,3,199.6,342.01,126.20000000000002,65.06,1,1,1.0
33,1,208.7,251.32,94.19999999999999,40.69,1,1,1.0
33,3,175.17,348.7,130.33,65.97000000000003,1,1,1.0
34,1,208.7,251.36,94.19999999999999,40.69,1,1,1.0
34,3,151.14,350.7,133.90000000000003,66.88999999999999,1,1,1.0
35,1,208.7,251.39,94.19999999999999,40.710000000000036,1,1,1.0
35,3,127.56,354.61,135.92000000000002,67.80000000000001,1,1,1.0
36,1,208.7,251.42,94.19999999999999,40.72,1,1,1.0
36,3,103.41,359.91,139.99,68.79999999999995,1,1,1.0
37,1,208.7,251.45,94.19999999999999,40.73000000000002,1,1,1.0
37,3,74.5,363.84,145.27,71.40000000000003,1,1,1.0
38,1,208.7,251.48,94.19999999999999,40.75000000000003,1,1,1.0
38,3,45.6,367.77,150.53,74.0,1,1,1.0
39,1,208.7,251.52,94.19999999999999,40.74999999999997,1,1,1.0
39,3,16.69,371.7,155.81,76.60000000000002,1,1,1.0
40,1,208.7,251.55,94.19999999999999,40.76999999999998,1,1,1.0
40,3,0.0,376.67,151.36,76.59999999999997,1,1,1.0
41,1,208.7,251.58,94.19999999999999,40.78,1,1,1.0
41,3,0.0,381.0,127.12,78.18,1,1,1.0
42,1,208.7,251.61,94.19999999999999,40.789999999999964,1,1,1.0
42,3,0.0,386.6,100.7,78.5,1,1,1.0
43,1,208.7,251.64,94.19999999999999,40.81,1,1,1.0
43,3,0.0,391.3,74.28,63.19999999999999,1,1,1.0
44,1,208.7,251.68,94.19999999999999,40.81,1,1,1.0
44,3,0.0,399.7,48.2,63.19,1,1,1.0
45,1,208.7,251.71,94.19999999999999,40.83000000000001,1,1,1.0
45,3,0.0,412.8,22.7,50.39999999999998,1,1,1.0
46,1,208.7,251.74,94.19999999999999,40.839999999999975,1,1,1.0
47,1,208.7,251.77,94.19999999999999,40.849999999999994,1,1,1.0
48,1,208.7,251.8,94.19999999999999,40.870000000000005,1,1,1.0
49,1,208.7,251.84,94.19999999999999,40.869999999999976,1,1,1.0
50,1,208.7,251.87,94.19999999999999,40.889999999999986,1,1,1.0
51,1,208.7,251.9,94.19999999999999,40.900000000000006,1,1,1.0
51,4,946.7,225.02,13.299999999999955,53.67999999999998,1,1,1.0
52,1,208.7,252.14,94.19999999999999,40.74000000000001,1,1,1.0
52,4,943.93,225.02,16.07000000000005,56.73999999999998,1,1,1.0
53,1,208.7,252.38,94.19999999999999,40.56999999999999,1,1,1.0
53,4,941.17,225.02,18.83000000000004,59.809999999999974,1,1,1.0
54,1,208.7,252.61,94.19999999999999,40.41999999999996,1,1,1.0
54,4,938.4,225.02,21.600000000000023,62.87999999999997,1,1,1.0
55,1,208.7,252.85,94.19999999999999,40.25000000000003,1,1,1.0
55,4,934.2,225.02,25.799999999999955,62.87999999999997,1,1,1.0
56,1,208.7,253.09,94.19999999999999,40.09,1,1,1.0
56,4,929.04,225.13,30.960000000000036,64.37,1,1,1.0
57,1,208.7,253.33,94.19999999999999,39.91999999999999,1,1,1.0
57,4,923.88,225.24,36.120000000000005,65.84999999999997,1,1,1.0
58,1,208.7,253.56,94.19999999999999,39.76999999999998,1,1,1.0
58,4,918.72,225.35,41.27999999999997,67.34,1,1,1.0
59,1,208.7,253.8,94.19999999999999,39.599999999999966,1,1,1.0
59,4,913.56,225.47,46.440000000000055,68.80999999999997,1,1,1.0
59,5,915.69,239.49,24.409999999999968,27.349999999999966,1,1,1.0
60,1,208.7,253.89,94.19999999999999,39.69,1,1,1.0
60,4,908.4,225.58,51.60000000000002,70.29999999999998,1,1,1.0
60,5,910.47,240.54,25.629999999999995,27.349999999999994,1,1,1.0
61,1,208.7,253.98,94.19999999999999,39.77000000000001,1,1,1.0
61,4,902.72,225.69,57.27999999999997,71.78000000000003,1,1,1.0
61,5,905.25,241.6,26.850000000000023,27.349999999999994,1,1,1.0
62,1,208.7,254.07,94.19999999999999,39.85000000000002,1,1,1.0
62,4,897.04,225.8,62.960000000000036,73.26999999999998,1,1,1.0
62,5,900.02,242.65,28.08000000000004,27.349999999999994,1,1,1.0
63,1,208.7,254.16,94.19999999999999,39.92999999999998,1,1,1.0
63,4,891.36,225.91,68.63999999999999,74.76000000000002,1,1,1.0
63,5,894.8,243.71,31.90000000000009,27.349999999999994,1,1,1.0
64,1,208.7,254.25,94.19999999999999,40.01999999999998,1,1,1.0
64,4,885.68,226.02,74.32000000000005,76.23999999999998,1,1,1.0
64,5,887.97,244.76,32.629999999999995,27.350000000000023,1,1,1.0
65,1,208.7,254.35,94.19999999999999,40.09,1,1,1.0
65,4,880.0,226.13,80.0,77.73000000000002,1,1,1.0
65,5,881.15,245.82,33.80000000000007,27.350000000000023,1,1,1.0
66,1,208.7,254.44,94.19999999999999,40.170000000000016,1,1,1.0
66,4,873.5,226.24,86.5,79.20999999999998,1,1,1.0
66,5,874.33,246.87,34.969999999999914,27.350000000000023,1,1,1.0
67,1,208.7,254.53,94.19999999999999,40.24999999999997,1,1,1.0
67,4,867.0,226.36,93.0,80.69,1,1,1.0
67,5,867.5,247.93,35.0,27.349999999999966,1,1,1.0
68,1,208.7,254.62,94.19999999999999,40.339999999999975,1,1,1.0
68,4,860.5,226.47,99.5,82.17999999999998,1,1,1.0
68,5,860.67,248.98,34.83000000000004,27.359999999999985,1,1,1.0
69,1,208.7,254.71,94.19999999999999,40.41999999999999,1,1,1.0
69,4,853.97,226.58,106.02999999999997,83.66,1,1,1.0
69,5,853.85,250.04,35.35000000000002,27.349999999999994,1,1,1.0
70,1,208.7,254.8,94.19999999999999,40.5,1,1,1.0
70,4,847.43,226.69,112.57000000000005,85.14999999999998,1,1,1.0
70,5,847.02,251.09,36.08000000000004,27.359999999999985,1,1,1.0
71,1,208.7,254.81,94.19999999999999,40.51999999999998,1,1,1.0
71,4,840.9,226.8,119.10000000000002,86.63,1,1,1.0
71,5,840.2,252.15,35.0,27.349999999999994,1,1,1.0
72,1,208.7,254.81,94.19999999999999,40.54000000000002,1,1,1.0
72,4,833.93,227.6,126.07000000000005,87.42999999999998,1,1,1.0
72,5,832.01,253.21,36.289999999999964,27.349999999999994,1,1,1.0
73,1,208.7,254.82,94.19999999999999,40.56,1,1,1.0
73,4,826.97,228.4,133.02999999999997,88.22,1,1,1.0
73,5,823.82,254.26,36.77999999999997,27.350000000000023,1,1,1.0
74,1,208.7,254.82,94.19999999999999,40.59000000000003,1,1,1.0
74,4,820.0,229.2,140.0,89.02000000000004,1,1,1.0
74,5,817.64,254.53,34.65999999999997,27.349999999999994,1,1,1.0
75,1,208.7,254.83,94.19999999999999,40.599999999999994,1,1,1.0
75,4,812.04,230.7,147.96000000000004,89.12,1,1,1.0
75,5,808.78,254.53,34.66000000000008,27.349999999999994,1,1,1.0
76,1,208.7,254.83,94.19999999999999,40.62999999999997,1,1,1.0
76,4,804.09,232.21,155.90999999999997,89.20000000000002,1,1,1.0
76,5,801.79,258.29,34.66000000000008,27.349999999999966,1,1,1.0
77,1,208.7,254.84,94.19999999999999,40.640000000000015,1,1,1.0
77,4,796.13,233.71,163.87,89.29999999999998,1,1,1.0
77,5,793.2,258.56,34.64999999999998,27.350000000000023,1,1,1.0
78,1,208.7,254.84,94.19999999999999,40.66999999999999,1,1,1.0
78,4,789.85,234.1,170.14999999999998,90.50000000000003,1,1,1.0
78,5,780.57,259.36,34.65999999999997,27.360000000000014,1,1,1.0
79,1,208.7,254.85,94.19999999999999,40.690000000000026,1,1,1.0
79,4,778.8,235.8,173.70000000000005,91.69999999999999,1,1,1.0
79,5,771.17,259.36,34.66000000000008,27.360000000000014,1,1,1.0
79,6,951.44,236.71,8.36999999999989,31.080000000000013,1,1,1.0
80,1,208.7,254.85,94.19999999999999,40.71000000000001,1,1,1.0
80,4,769.76,236.25,178.53999999999996,92.89999999999998,1,1,1.0
80,5,760.42,261.78,34.66000000000008,27.350000000000023,1,1,1.0
80,6,942.39,237.4,12.169999999999959,31.22999999999999,1,1,1.0
81,1,208.7,254.86,94.19999999999999,40.72999999999996,1,1,1.0
81,4,763.19,236.7,177.70999999999992,94.10000000000002,1,1,1.0
81,5,750.75,262.05,34.65999999999997,27.349999999999966,1,1,1.0
81,6,933.34,238.1,15.959999999999923,31.370000000000033,1,1,1.0
82,1,208.7,254.86,94.19999999999999,40.75999999999999,1,1,1.0
82,4,754.6,237.2,182.60000000000002,95.19999999999999,1,1,1.0
82,5,742.16,262.59,34.66000000000008,27.350000000000023,1,1,1.0
82,6,924.29,238.79,19.230000000000018,31.51000000000002,1,1,1.0
83,1,208.7,254.87,94.19999999999999,40.76999999999998,1,1,1.0
83,4,745.4,238.25,185.95000000000005,95.75,1,1,1.0
83,5,732.76,263.1,34.64999999999998,28.44999999999999,1,1,1.0
83,6,915.24,239.48,22.49000000000001,31.659999999999997,1,1,1.0
84,1,208.7,254.87,94.19999999999999,40.80000000000001,1,1,1.0
84,4,737.5,239.3,188.0,96.30000000000001,1,1,1.0
84,5,719.86,262.6,35.24000000000001,29.21999999999997,1,1,1.0
84,6,906.2,240.17,25.75,31.81000000000003,1,1,1.0
85,1,208.7,254.88,94.19999999999999,40.81,1,1,1.0
85,4,729.0,240.33,189.78999999999996,97.81999999999996,1,1,1.0
85,5,708.31,262.0,36.8900000000001,30.399999999999977,1,1,1.0
85,6,897.15,240.86,29.019999999999982,31.94999999999999,1,1,1.0
86,1,208.7,254.88,94.19999999999999,40.84000000000003,1,1,1.0
86,4,719.1,241.36,192.98000000000002,99.33999999999997,1,1,1.0
86,5,698.91,262.8,36.889999999999986,30.139999999999986,1,1,1.0
86,6,888.1,241.56,32.27999999999997,32.089999999999975,1,1,1.0
87,1,208.7,254.89,94.19999999999999,40.860000000000014,1,1,1.0
87,4,709.3,242.39,197.10000000000002,100.86000000000001,1,1,1.0
87,5,687.76,263.36,36.889999999999986,30.519999999999982,1,1,1.0
87,6,879.05,242.25,35.55000000000007,32.24000000000001,1,1,1.0
88,1,208.7,254.9,94.19999999999999,40.869999999999976,1,1,1.0
88,4,698.52,243.42,201.27999999999997,102.38000000000002,1,1,1.0
88,5,676.61,263.92,36.889999999999986,30.899999999999977,1,1,1.0
88,6,870.0,242.94,38.0,32.389999999999986,1,1,1.0
89,1,208.7,254.9,94.19999999999999,40.900000000000006,1,1,1.0
89,4,687.75,244.45,205.45000000000005,103.90000000000003,1,1,1.0
89,5,663.72,263.9,39.879999999999995,30.920000000000016,1,1,1.0
89,6,860.95,243.63,40.44999999999993,32.53000000000003,1,1,1.0
90,1,208.7,253.93,94.19999999999999,40.96999999999997,1,1,1.0
90,4,676.98,245.48,209.62,105.41999999999999,1,1,1.0
90,5,652.97,264.55,51.02999999999997,31.20999999999998,1,1,1.0
90,6,851.9,244.32,42.89999999999998,32.68000000000001,1,1,1.0
91,1,208.7,253.97,94.19999999999999,40.97,1,1,1.0
91,4,666.2,246.51,213.79999999999995,106.94,1,1,1.0
91,5,642.23,265.2,62.16999999999996,31.5,1,1,1.0
91,6,844.13,245.02,42.97000000000003,32.21000000000001,1,1,1.0
92,1,208.7,254.02,94.19999999999999,40.95000000000002,1,1,1.0
92,4,655.72,247.66,216.98000000000002,108.46000000000001,1,1,1.0
92,5,629.06,265.85,67.44000000000005,32.049999999999955,1,1,1.0
92,6,836.37,245.71,43.02999999999997,31.76000000000002,1,1,1.0
93,1,208.7,254.07,94.19999999999999,40.94,1,1,1.0
93,4,645.24,248.81,220.49,109.98000000000002,1,1,1.0
93,5,615.9,266.5,72.70000000000005,32.60000000000002,1,1,1.0
93,6,828.6,246.4,43.10000000000002,31.299999999999983,1,1,1.0
94,1,208.7,254.12,94.19999999999999,40.920000000000016,1,1,1.0
94,4,634.76,249.96,224.0,111.49999999999997,1,1,1.0
94,5,604.08,266.77,76.41999999999996,32.60000000000002,1,1,1.0
94,6,818.03,246.77,45.89999999999998,31.299999999999983,1,1,1.0
95,1,208.7,254.16,94.19999999999999,40.91999999999999,1,1,1.0
95,4,621.7,251.03,229.5,113.67999999999998,1,1,1.0
95,5,591.72,267.04,76.41999999999996,32.599999999999966,1,1,1.0
95,6,807.46,247.13,48.70999999999992,31.30000000000001,1,1,1.0
96,1,208.7,254.21,94.19999999999999,40.900000000000006,1,1,1.0
96,4,610.5,252.46,232.39999999999998,115.85,1,1,1.0
96,5,578.83,267.31,79.37,32.60000000000002,1,1,1.0
96,6,796.88,247.5,51.51999999999998,31.30000000000001,1,1,1.0
97,1,208.7,254.26,94.19999999999999,40.889999999999986,1,1,1.0
97,4,598.0,253.89,237.60000000000002,116.21000000000004,1,1,1.0
97,5,566.21,267.57,85.78999999999996,32.60000000000002,1,1,1.0
97,6,787.59,248.14,52.15999999999997,25.25999999999999,1,1,1.0
98,1,208.7,254.3,94.19999999999999,40.889999999999986,1,1,1.0
98,4,585.5,255.32,242.0,118.07999999999998,1,1,1.0
98,5,552.24,268.11,87.36000000000001,32.599999999999966,1,1,1.0
98,6,778.29,248.78,52.81000000000006,19.22,1,1,1.0
99,1,208.7,254.35,94.19999999999999,40.87000000000003,1,1,1.0
99,4,573.7,256.75,246.79999999999995,119.55000000000001,1,1,1.0
99,5,543.1,269.2,88.5,33.69999999999999,1,1,1.0
99,6,769.0,249.42,53.5,13.180000000000035,1,1,1.0
100,1,208.7,254.4,94.19999999999999,40.859999999999985,1,1,1.0
100,4,558.64,255.7,252.39999999999998,122.0,1,1,1.0
100,5,525.3,269.8,94.15000000000009,33.94999999999999,1,1,1.0
100,6,755.93,250.05,57.270000000000095,13.849999999999966,1,1,1.0
101,1,208.7,254.45,94.19999999999999,40.84000000000003,1,1,1.0
101,4,546.16,256.73,257.30000000000007,125.26999999999998,1,1,1.0
101,5,512.4,270.4,94.89999999999998,34.210000000000036,1,1,1.0
101,6,742.87,250.69,59.629999999999995,14.509999999999991,1,1,1.0
102,1,208.7,254.49,94.19999999999999,40.839999999999975,1,1,1.0
102,4,533.0,258.45,261.26,126.55000000000001,1,1,1.0
102,5,499.42,271.0,95.72999999999996,34.45999999999998,1,1,1.0
102,6,729.8,251.33,63.530000000000086,15.169999999999987,1,1,1.0
103,1,208.7,254.54,94.19999999999999,40.83000000000001,1,1,1.0
103,4,520.0,260.16,265.07000000000005,127.94,1,1,1.0
103,5,486.45,271.6,96.55000000000001,34.71999999999997,1,1,1.0
103,6,719.3,251.97,65.30000000000007,15.72999999999999,1,1,1.0
103,7,952.95,228.5,7.0499999999999545,29.079999999999984,1,1,1.0
104,1,208.7,254.59,94.19999999999999,40.809999999999974,1,1,1.0
104,4,505.98,262.24,271.3299999999999,130.51,1,1,1.0
104,5,472.28,272.2,94.55000000000007,34.97000000000003,1,1,1.0
104,6,707.0,252.61,68.20000000000005,16.639999999999986,1,1,1.0
104,7,949.3,228.3,10.700000000000045,36.39999999999998,1,1,1.0
105,1,208.7,254.64,94.19999999999999,40.80000000000001,1,1,1.0
105,4,491.4,263.19,277.59000000000003,133.07,1,1,1.0
105,5,458.12,272.8,92.54999999999995,35.22999999999996,1,1,1.0
105,6,694.7,253.25,71.09999999999991,17.55000000000001,1,1,1.0
105,7,945.23,221.35,14.769999999999982,43.75000000000003,1,1,1.0
106,1,208.7,254.68,94.19999999999999,40.79000000000002,1,1,1.0
106,4,475.74,264.97,283.85,135.64999999999998,1,1,1.0
106,5,443.95,273.4,90.55000000000001,35.48000000000002,1,1,1.0
106,6,681.2,254.01,73.94999999999993,17.840000000000032,1,1,1.0
106,7,941.17,214.4,18.83000000000004,51.099999999999994,1,1,1.0
107,1,208.7,254.73,94.19999999999999,40.78,1,1,1.0
107,4,460.08,266.76,290.09999999999997,138.22000000000003,1,1,1.0
107,5,429.79,274.0,99.50999999999993,35.74000000000001,1,1,1.0
107,6,668.4,254.77,76.70000000000005,18.129999999999967,1,1,1.0
107,7,937.1,214.6,22.899999999999977,50.70000000000002,1,1,1.0
108,1,208.7,254.78,94.19999999999999,40.76000000000002,1,1,1.0
108,4,444.51,267.46,296.36,140.79000000000002,1,1,1.0
108,5,415.62,274.6,101.77999999999997,35.98999999999995,1,1,1.0
108,6,653.1,255.43,81.89999999999998,19.399999999999977,1,1,1.0
108,7,932.77,214.6,27.230000000000018,51.599999999999994,1,1,1.0
109,1,208.7,254.83,94.19999999999999,40.74999999999997,1,1,1.0
109,4,427.9,269.43,303.0,143.36,1,1,1.0
109,5,401.46,275.2,105.04000000000002,36.25,1,1,1.0
109,6,635.3,256.09,87.85000000000002,19.310000000000002,1,1,1.0
109,7,928.43,214.6,31.57000000000005,52.50000000000003,1,1,1.0
110,1,208.7,254.87,94.19999999999999,40.75,1,1,1.0
110,4,411.3,271.4,309.62999999999994,145.92000000000002,1,1,1.0
110,5,387.3,277.0,104.59999999999997,35.30000000000001,1,1,1.0
110,6,618.3,256.75,93.0,21.94999999999999,1,1,1.0
110,7,924.1,214.6,35.89999999999998,53.400000000000006,1,1,1.0
111,1,208.7,254.92,94.19999999999999,40.72999999999999,1,1,1.0
111,4,394.9,273.9,316.6,148.5,1,1,1.0
111,5,372.8,277.78,105.94999999999999,35.85000000000002,1,1,1.0
111,6,604.44,257.41,95.25999999999999,23.399999999999977,1,1,1.0
111,7,919.17,214.63,40.83000000000004,54.19999999999999,1,1,1.0
112,1,208.7,254.97,94.19999999999999,40.72,1,1,1.0
112,4,375.55,274.86,326.67,152.55,1,1,1.0
112,5,358.31,278.56,107.29000000000002,36.410000000000025,1,1,1.0
112,6,591.17,258.07,96.59000000000003,21.430000000000007,1,1,1.0
112,7,914.23,214.67,45.76999999999998,55.00000000000003,1,1,1.0
113,1,208.7,255.02,94.19999999999999,40.70000000000002,1,1,1.0
113,4,358.2,276.97,332.39000000000004,155.82999999999998,1,1,1.0
113,5,343.82,279.34,108.63,36.960000000000036,1,1,1.0
113,6,577.22,258.74,97.91999999999996,25.75999999999999,1,1,1.0
113,7,909.3,214.7,50.700000000000045,55.80000000000001,1,1,1.0
114,1,208.7,255.06,94.19999999999999,40.69999999999999,1,1,1.0
114,4,339.7,279.08,338.49000000000007,157.82,1,1,1.0
114,5,329.32,280.12,109.98000000000002,37.50999999999999,1,1,1.0
114,6,564.47,259.0,99.25,27.30000000000001,1,1,1.0
114,7,904.57,215.4,55.42999999999995,55.42999999999998,1,1,1.0
115,1,208.7,255.11,94.19999999999999,40.69,1,1,1.0
115,4,322.7,280.83,346.33,160.67000000000002,1,1,1.0
115,5,313.82,280.9,109.28000000000003,38.07000000000005,1,1,1.0
115,6,551.09,259.14,100.56999999999994,28.840000000000032,1,1,1.0
115,7,899.83,215.5,60.16999999999996,55.670000000000016,1,1,1.0
116,1,208.7,255.16,94.19999999999999,40.66999999999999,1,1,1.0
116,4,301.2,281.9,357.3,164.3,1,1,1.0
116,5,299.02,281.8,109.38,38.620000000000005,1,1,1.0
116,6,536.69,259.73,101.89999999999998,30.379999999999995,1,1,1.0
116,7,895.1,215.6,64.89999999999998,55.900000000000006,1,1,1.0
117,1,208.7,255.2,94.19999999999999,40.670000000000016,1,1,1.0
117,4,280.99,283.06,365.71000000000004,168.75,1,1,1.0
117,5,282.96,282.7,111.68,39.170000000000016,1,1,1.0
117,6,522.3,260.32,103.23000000000002,31.920000000000016,1,1,1.0
117,7,890.17,215.8,69.83000000000004,56.39999999999998,1,1,1.0
118,1,208.7,255.25,94.19999999999999,40.64999999999998,1,1,1.0
118,4,259.7,285.4,376.50000000000006,172.49,1,1,1.0
118,5,267.18,283.06,113.95999999999998,39.73000000000002,1,1,1.0
118,6,507.31,262.11,104.55000000000001,33.45999999999998,1,1,1.0
118,7,885.23,216.0,74.76999999999998,56.89999999999998,1,1,1.0
119,1,208.7,255.3,94.19999999999999,40.639999999999986,1,1,1.0
119,4,239.52,286.7,383.08000000000004,176.27000000000004,1,1,1.0
119,5,250.85,283.69,115.15,40.29000000000002,1,1,1.0
119,6,493.76,262.4,106.44000000000005,34.18000000000001,1,1,1.0
119,7,880.3,216.2,79.70000000000005,57.400000000000034,1,1,1.0
120,1,208.7,255.35,94.19999999999999,40.62000000000003,1,1,1.0
120,4,218.09,289.5,392.01,179.49,1,1,1.0
120,5,235.8,284.8,114.76999999999998,40.829999999999984,1,1,1.0
120,6,479.41,263.17,107.42000000000002,35.21999999999997,1,1,1.0
120,7,874.6,216.9,80.0,57.599999999999994,1,1,1.0
121,1,208.7,255.39,94.19999999999999,40.620000000000005,1,1,1.0
121,4,194.53,292.3,403.52,183.22999999999996,1,1,1.0
121,5,219.51,285.9,116.17000000000002,41.39000000000004,1,1,1.0
121,6,465.05,263.93,108.42000000000002,36.25999999999999,1,1,1.0
121,7,869.05,217.3,81.05000000000007,58.19999999999999,1,1,1.0
122,1,208.7,255.44,94.19999999999999,40.610000000000014,1,1,1.0
122,4,170.96,295.1,415.03999999999996,186.96999999999997,1,1,1.0
122,5,203.23,287.0,117.57000000000002,41.94,1,1,1.0
122,6,450.7,264.7,109.40000000000003,37.30000000000001,1,1,1.0
122,7,863.5,217.7,82.10000000000002,58.80000000000001,1,1,1.0
123,1,208.7,255.49,94.19999999999999,40.589999999999975,1,1,1.0
123,4,146.43,296.3,425.36999999999995,193.68,1,1,1.0
123,5,186.2,288.13,118.69999999999999,42.19999999999999,1,1,1.0
123,6,435.66,265.37,110.91000000000003,38.60000000000002,1,1,1.0
123,7,857.15,218.1,84.05000000000007,59.349999999999994,1,1,1.0
124,1,208.7,255.54,94.19999999999999,40.58000000000001,1,1,1.0
124,4,120.73,299.6,437.72,197.64999999999998,1,1,1.0
124,5,169.17,289.25,119.83000000000001,42.47000000000003,1,1,1.0
124,6,420.63,266.03,112.39999999999998,39.900000000000034,1,1,1.0
124,7,850.8,218.5,86.0,59.89999999999998,1,1,1.0
125,1,208.7,255.58,94.19999999999999,40.569999999999965,1,1,1.0
125,4,95.02,301.4,450.08000000000004,203.13,1,1,1.0
125,5,152.14,290.38,120.96000000000004,42.72000000000003,1,1,1.0
125,6,405.59,266.7,113.91000000000003,41.19999999999999,1,1,1.0
125,7,846.5,218.45,85.60000000000002,61.05000000000001,1,1,1.0
126,1,208.7,255.63,94.19999999999999,40.56,1,1,1.0
126,4,67.16,304.3,463.89,207.85999999999996,1,1,1.0
126,5,132.4,291.78,123.79999999999998,43.22000000000003,1,1,1.0
126,6,391.07,267.53,114.53000000000003,42.34000000000003,1,1,1.0
126,7,840.4,218.8,86.60000000000002,61.5,1,1,1.0
127,1,208.7,255.68,94.19999999999999,40.55000000000001,1,1,1.0
127,4,39.3,306.5,477.7,213.29999999999995,1,1,1.0
127,5,116.46,292.7,124.04,44.18000000000001,1,1,1.0
127,6,376.55,268.37,115.14999999999998,43.45999999999998,1,1,1.0
127,7,834.9,219.12,88.20000000000005,61.73000000000002,1,1,1.0
128,1,208.7,255.73,94.19999999999999,40.53,1,1,1.0
128,4,9.2,309.13,493.6,220.26999999999998,1,1,1.0
128,5,98.29,294.0,125.04,45.19999999999999,1,1,1.0
128,6,362.02,269.2,115.78000000000003,44.60000000000002,1,1,1.0
128,7,828.7,219.0,88.89999999999998,62.80000000000001,1,1,1.0
129,1,208.7,255.77,94.19999999999999,40.53,1,1,1.0
129,4,0.0,311.76,487.3,228.24,1,1,1.0
129,5,80.11,294.75,126.05999999999999,46.30000000000001,1,1,1.0
129,6,346.96,270.25,117.17000000000002,44.77999999999997,1,1,1.0
129,7,822.5,219.77,91.10000000000002,62.17999999999998,1,1,1.0
130,1,208.7,255.82,94.19999999999999,40.50999999999999,1,1,1.0
130,4,0.0,314.39,471.23,225.61,1,1,1.0
130,5,61.94,295.5,127.06,47.39999999999998,1,1,1.0
130,6,331.9,271.29,118.57000000000005,44.97999999999996,1,1,1.0
130,7,815.44,220.1,91.45999999999992,62.400000000000006,1,1,1.0
131,1,208.7,255.87,94.19999999999999,40.5,1,1,1.0
131,4,0.0,317.01,455.15,222.99,1,1,1.0
131,5,42.84,297.65,129.76,47.32000000000005,1,1,1.0
131,6,316.84,272.34,119.96000000000004,45.160000000000025,1,1,1.0
131,7,808.99,220.7,92.30999999999995,62.44999999999999,1,1,1.0
132,1,208.7,255.92,94.19999999999999,40.47999999999999,1,1,1.0
132,4,0.0,319.64,439.08,220.36,1,1,1.0
132,5,23.74,299.8,129.95999999999998,47.22999999999996,1,1,1.0
132,6,301.2,273.21,120.77000000000004,46.29000000000002,1,1,1.0
132,7,803.63,220.48,92.76999999999998,63.07000000000002,1,1,1.0
133,1,208.7,255.96,94.19999999999999,40.47999999999999,1,1,1.0
133,4,0.0,322.27,423.0,217.73000000000002,1,1,1.0
133,8,680.39,534.46,57.289999999999964,5.539999999999964,1,1,1.0
133,5,4.64,302.3,131.76000000000002,46.80000000000001,1,1,1.0
133,6,285.57,274.09,121.57999999999998,47.410000000000025,1,1,1.0
133,7,795.58,221.2,93.62,63.30000000000001,1,1,1.0
134,1,208.7,256.01,94.19999999999999,40.47000000000003,1,1,1.0
134,4,0.0,324.9,405.7,215.10000000000002,1,1,1.0
134,8,686.97,528.65,81.42999999999995,11.32000000000005,1,1,1.0
134,5,0.0,302.7,117.4,48.85000000000002,1,1,1.0
134,6,269.41,274.96,122.38999999999999,48.54000000000002,1,1,1.0
134,7,790.22,221.8,93.88,63.80000000000001,1,1,1.0
135,1,208.7,256.06,94.19999999999999,40.44999999999999,1,1,1.0
135,4,0.0,328.96,387.1,211.04000000000002,1,1,1.0
135,8,693.56,522.84,99.6400000000001,17.110000000000014,1,1,1.0
135,5,0.0,304.7,100.2,49.60000000000002,1,1,1.0
135,6,253.2,275.64,123.5,49.56,1,1,1.0
135,7,782.75,222.9,95.64999999999998,64.70000000000002,1,1,1.0
136,1,208.7,256.11,94.19999999999999,40.44,1,1,1.0
136,4,0.0,333.03,369.4,206.97000000000003,1,1,1.0
136,8,700.15,517.04,109.25,22.879999999999995,1,1,1.0
136,5,0.0,306.7,81.9,47.60000000000002,1,1,1.0
136,6,237.0,276.32,124.60000000000002,50.579999999999984,1,1,1.0
136,7,774.93,223.0,97.37,64.5,1,1,1.0
137,1,208.7,256.15,94.19999999999999,40.43000000000001,1,1,1.0
137,4,0.0,336.6,349.7,203.39999999999998,1,1,1.0
137,8,706.74,511.23,124.96000000000004,28.66999999999996,1,1,1.0
137,5,0.0,309.55,63.4,43.849999999999966,1,1,1.0
137,6,220.8,277.0,126.53999999999996,51.60000000000002,1,1,1.0
137,7,767.32,223.5,98.82999999999993,64.55000000000001,1,1,1.0
138,1,208.7,256.2,94.19999999999999,40.420000000000016,1,1,1.0
138,4,0.0,340.71,329.3,199.29000000000002,1,1,1.0
138,8,713.32,505.42,131.9799999999999,34.44999999999999,1,1,1.0
138,5,0.0,312.4,44.9,40.10000000000002,1,1,1.0
138,6,203.8,279.0,127.69,51.47000000000003,1,1,1.0
138,7,759.7,224.0,100.29999999999995,64.60000000000002,1,1,1.0
139,1,208.7,256.25,94.19999999999999,40.410000000000025,1,1,1.0
139,4,0.0,344.82,309.9,195.18,1,1,1.0
139,8,719.91,499.61,132.99,40.24000000000001,1,1,1.0
139,5,0.0,316.8,26.7,38.099999999999966,1,1,1.0
139,6,186.81,279.3,128.83999999999997,53.02999999999997,1,1,1.0
139,7,752.85,224.3,101.29999999999995,64.80000000000001,1,1,1.0
140,1,208.7,256.29,94.19999999999999,40.39999999999998,1,1,1.0
140,4,0.0,347.7,290.1,192.3,1,1,1.0
140,8,726.5,493.8,135.10000000000002,46.02000000000004,1,1,1.0
140,5,0.0,319.2,7.2,29.0,1,1,1.0
140,6,169.82,280.3,129.98000000000002,52.89999999999998,1,1,1.0
140,7,745.2,224.9,102.01999999999998,64.99999999999997,1,1,1.0
141,1,208.7,256.34,94.19999999999999,40.39000000000004,1,1,1.0
141,4,0.0,350.7,267.3,189.3,1,1,1.0
141,8,736.1,488.7,134.0,51.089999999999975,1,1,1.0
141,6,152.59,281.47,131.78,53.35999999999996,1,1,1.0
141,7,737.75,225.38,102.69000000000005,65.26999999999998,1,1,1.0
142,1,208.7,256.39,94.19999999999999,40.370000000000005,1,1,1.0
142,4,0.0,354.3,244.8,185.7,1,1,1.0
142,8,745.7,483.6,132.89999999999998,56.16999999999996,1,1,1.0
142,6,135.37,282.63,133.56,53.84000000000003,1,1,1.0
142,7,730.3,225.85,103.36000000000001,65.54999999999998,1,1,1.0
143,1,208.7,256.44,94.19999999999999,40.360000000000014,1,1,1.0
143,4,0.0,359.3,224.1,180.7,1,1,1.0
143,8,756.5,479.52,129.79999999999995,60.22000000000003,1,1,1.0
143,6,118.14,283.8,135.36,54.30000000000001,1,1,1.0
143,7,721.9,226.32,104.98000000000002,65.82999999999998,1,1,1.0
144,1,208.7,256.48,94.19999999999999,40.349999999999966,1,1,1.0
144,4,0.0,363.4,199.7,176.60000000000002,1,1,1.0
144,8,768.3,472.9,125.70000000000005,66.82000000000005,1,1,1.0
144,6,100.46,284.87,136.34000000000003,55.129999999999995,1,1,1.0
144,7,715.3,226.8,104.80000000000007,66.09999999999997,1,1,1.0
145,1,208.7,256.53,94.19999999999999,40.34000000000003,1,1,1.0
145,4,0.0,368.0,176.0,172.0,1,1,1.0
145,8,779.04,468.53,121.86000000000001,71.16000000000008,1,1,1.0
145,6,82.77,285.93,137.32999999999998,55.96999999999997,1,1,1.0
145,7,706.2,227.15,106.81999999999994,66.55999999999997,1,1,1.0
146,1,208.7,256.58,94.19999999999999,40.33000000000004,1,1,1.0
146,4,0.0,372.6,152.5,167.39999999999998,1,1,1.0
146,8,787.26,462.3,121.84000000000003,77.36999999999995,1,1,1.0
146,6,65.08,287.0,138.32,56.80000000000001,1,1,1.0
146,7,698.1,227.01,108.10000000000002,67.01999999999998,1,1,1.0
147,1,208.7,256.63,94.19999999999999,40.31,1,1,1.0
147,4,0.0,377.2,127.8,162.8,1,1,1.0
147,8,796.6,457.54,119.07999999999993,82.09999999999997,1,1,1.0
147,6,46.42,287.9,140.68,57.5,1,1,1.0
147,7,689.45,227.27,109.57999999999993,67.47999999999999,1,1,1.0
148,1,208.7,256.67,94.19999999999999,40.31,1,1,1.0
148,4,0.0,381.8,101.5,158.2,1,1,1.0
148,8,806.99,451.74,116.64999999999998,83.20000000000005,1,1,1.0
148,6,27.76,289.35,143.04000000000002,58.14999999999998,1,1,1.0
148,7,680.8,227.54,111.07000000000005,67.94000000000003,1,1,1.0
149,1,208.7,256.72,94.19999999999999,40.289999999999964,1,1,1.0
149,4,0.0,386.7,75.5,153.3,1,1,1.0
149,8,814.9,448.5,114.5,83.20000000000005,1,1,1.0
149,6,9.1,290.8,145.4,58.80000000000001,1,1,1.0
149,7,676.61,227.8,108.09000000000003,68.39999999999998,1,1,1.0
150,1,208.7,256.77,94.19999999999999,40.28000000000003,1,1,1.0
150,4,0.0,396.4,47.6,143.60000000000002,1,1,1.0
150,8,822.95,444.2,112.39999999999998,82.18,1,1,1.0
150,6,0.0,292.2,136.66,59.10000000000002,1,1,1.0
150,7,665.34,228.1,111.20999999999992,68.65,1,1,1.0
151,1,208.7,256.82,94.19999999999999,40.26999999999998,1,1,1.0
151,4,0.0,409.3,18.89,130.7,1,1,1.0
151,8,831.0,439.9,110.29999999999995,81.14999999999998,1,1,1.0
151,6,0.0,292.4,118.9,60.80000000000001,1,1,1.0
151,7,654.07,228.4,114.32999999999993,68.9,1,1,1.0
152,1,208.7,256.86,94.19999999999999,40.25999999999999,1,1,1.0
152,8,839.05,435.6,108.95000000000005,80.13,1,1,1.0
152,6,0.0,294.0,101.2,58.93000000000001,1,1,1.0
152,7,642.8,228.7,117.45000000000005,69.15000000000003,1,1,1.0
153,1,208.7,256.91,94.19999999999999,40.25,1,1,1.0
153,8,847.1,431.3,106.0,79.09999999999997,1,1,1.0
153,6,0.0,295.6,83.5,57.06999999999999,1,1,1.0
153,7,633.5,229.0,118.60000000000002,69.39999999999998,1,1,1.0
154,1,208.7,256.96,94.19999999999999,40.23000000000002,1,1,1.0
154,8,854.8,427.29,104.10000000000002,77.40999999999997,1,1,1.0
154,6,0.0,297.2,65.4,55.19999999999999,1,1,1.0
154,7,624.9,229.57,118.83000000000004,69.56,1,1,1.0
155,1,208.7,257.01,94.19999999999999,40.22000000000003,1,1,1.0
155,8,861.76,423.69,98.24000000000001,73.50999999999999,1,1,1.0
155,6,0.0,299.8,48.6,54.39999999999998,1,1,1.0
155,7,614.7,230.15,120.64999999999998,69.70000000000002,1,1,1.0
156,1,208.7,257.05,94.19999999999999,40.20999999999998,1,1,1.0
156,8,868.72,420.1,91.27999999999997,73.25,1,1,1.0
156,6,0.0,301.8,29.3,54.599999999999966,1,1,1.0
156,7,605.55,230.72,121.42000000000007,69.85999999999999,1,1,1.0
157,1,208.7,257.1,94.19999999999999,40.19999999999999,1,1,1.0
157,8,875.68,416.5,84.32000000000005,73.0,1,1,1.0
157,6,0.0,303.3,9.14,43.69999999999999,1,1,1.0
157,7,596.4,231.3,122.20000000000005,70.0,1,1,1.0
158,1,208.7,257.1,94.19999999999999,40.19,1,1,1.0
158,8,882.64,413.15,77.36000000000001,70.15000000000003,1,1,1.0
158,7,585.97,231.55,123.57999999999993,70.97999999999996,1,1,1.0
159,1,208.7,257.11,94.19999999999999,40.15999999999997,1,1,1.0
159,8,889.6,409.8,70.39999999999998,67.30000000000001,1,1,1.0
159,7,575.53,231.8,124.97000000000003,71.94999999999999,1,1,1.0
160,1,208.7,257.11,94.19999999999999,40.14999999999998,1,1,1.0
160,8,895.45,405.55,64.54999999999995,66.80000000000001,1,1,1.0
160,7,565.1,232.05,126.35000000000002,72.93,1,1,1.0
161,1,208.7,257.12,94.19999999999999,40.120000000000005,1,1,1.0
161,8,901.3,401.3,58.700000000000045,66.30000000000001,1,1,1.0
161,7,553.9,232.3,128.5,73.89999999999998,1,1,1.0
162,1,208.7,257.12,94.19999999999999,40.110000000000014,1,1,1.0
162,8,907.93,399.0,52.07000000000005,65.0,1,1,1.0
162,7,542.72,232.7,130.01,74.18,1,1,1.0
163,1,208.7,257.13,94.19999999999999,40.079999999999984,1,1,1.0
163,8,914.56,396.7,45.440000000000055,63.69999999999999,1,1,1.0
163,7,531.55,233.1,131.5200000000001,74.45000000000002,1,1,1.0
164,1,208.7,257.13,94.19999999999999,40.06999999999999,1,1,1.0
164,8,920.05,393.45,39.950000000000045,63.80000000000001,1,1,1.0
164,7,520.37,233.5,133.02999999999997,74.73000000000002,1,1,1.0
165,1,208.7,257.14,94.19999999999999,40.05000000000001,1,1,1.0
165,8,925.54,390.2,34.460000000000036,63.900000000000034,1,1,1.0
165,7,509.19,233.9,133.83999999999997,74.99999999999997,1,1,1.0
166,1,208.7,257.14,94.19999999999999,40.03000000000003,1,1,1.0
166,8,930.71,387.6,29.289999999999964,62.549999999999955,1,1,1.0
166,7,498.01,234.3,134.65999999999997,75.27999999999997,1,1,1.0
167,1,208.7,257.15,94.19999999999999,40.01000000000005,1,1,1.0
167,8,935.87,385.0,24.129999999999995,61.19999999999999,1,1,1.0
167,7,486.84,234.7,135.45999999999998,75.55000000000001,1,1,1.0
168,1,208.7,257.15,94.19999999999999,39.99000000000001,1,1,1.0
168,8,941.17,386.4,18.83000000000004,56.400000000000034,1,1,1.0
168,7,475.66,235.1,136.25999999999993,75.83000000000001,1,1,1.0
169,1,208.7,257.16,94.19999999999999,39.96999999999997,1,1,1.0
169,8,946.48,387.8,13.519999999999982,51.599999999999966,1,1,1.0
169,7,464.48,235.5,137.05999999999995,76.10000000000002,1,1,1.0
170,1,208.7,257.16,94.19999999999999,39.94999999999999,1,1,1.0
170,8,951.34,389.25,8.659999999999968,45.80000000000001,1,1,1.0
170,7,453.31,235.9,137.84999999999997,76.37999999999997,1,1,1.0
171,1,208.7,257.17,94.19999999999999,39.93000000000001,1,1,1.0
171,8,956.2,390.7,3.7999999999999545,40.0,1,1,1.0
171,7,442.13,236.3,138.64999999999998,76.64999999999998,1,1,1.0
172,1,208.7,257.17,94.19999999999999,39.91999999999996,1,1,1.0
172,7,430.95,236.7,139.45,76.93,1,1,1.0
173,1,208.7,257.18,94.19999999999999,39.889999999999986,1,1,1.0
173,7,419.78,237.1,139.97000000000003,77.20000000000002,1,1,1.0
174,1,208.7,257.18,94.19999999999999,39.879999999999995,1,1,1.0
174,7,408.6,237.5,140.5,77.48000000000002,1,1,1.0
175,1,208.7,257.19,94.19999999999999,39.85000000000002,1,1,1.0
175,7,396.9,238.1,141.20000000000005,77.67999999999998,1,1,1.0
176,1,208.7,257.19,94.19999999999999,39.839999999999975,1,1,1.0
176,7,385.2,238.7,141.90000000000003,77.88999999999999,1,1,1.0
177,1,208.7,257.2,94.19999999999999,39.81,1,1,1.0
177,7,373.5,239.3,142.58000000000004,78.09999999999997,1,1,1.0
178,1,208.7,257.2,94.19999999999999,39.80000000000001,1,1,1.0
178,7,361.8,239.55,143.88,78.43,1,1,1.0
179,1,208.7,257.21,94.19999999999999,39.80000000000001,1,1,1.0
179,7,350.1,239.8,145.19,78.75,1,1,1.0
180,1,208.7,257.22,94.19999999999999,39.809999999999945,1,1,1.0
180,7,338.4,240.05,146.49,79.07999999999998,1,1,1.0
181,1,208.7,257.22,94.19999999999999,39.81999999999999,1,1,1.0
181,7,326.7,240.3,147.8,79.39999999999998,1,1,1.0
182,1,208.7,257.23,94.19999999999999,39.829999999999984,1,1,1.0
182,7,315.28,240.7,148.39000000000004,79.67000000000002,1,1,1.0
183,1,208.7,257.24,94.19999999999999,39.829999999999984,1,1,1.0
183,7,303.85,241.1,148.97999999999996,79.95000000000002,1,1,1.0
184,1,208.7,257.25,94.19999999999999,39.839999999999975,1,1,1.0
184,7,292.42,241.5,149.57999999999998,80.22000000000003,1,1,1.0
185,1,208.7,257.26,94.19999999999999,39.84000000000003,1,1,1.0
185,7,281.0,241.9,151.7,80.49999999999997,1,1,1.0
186,1,208.7,257.27,94.19999999999999,39.129999999999995,1,1,1.0
186,7,269.27,242.67,151.13,81.16,1,1,1.0
187,1,208.7,257.27,94.19999999999999,38.43000000000001,1,1,1.0
187,7,257.53,243.43,151.92000000000002,81.83999999999997,1,1,1.0
188,1,208.7,257.28,94.19999999999999,37.72000000000003,1,1,1.0
188,7,245.8,244.2,152.7,82.5,1,1,1.0
189,1,208.7,257.29,94.19999999999999,37.00999999999999,1,1,1.0
189,7,233.44,244.75,153.8,82.80000000000001,1,1,1.0
190,1,208.7,257.3,94.19999999999999,36.30000000000001,1,1,1.0
190,7,224.87,245.3,151.02999999999997,83.09999999999997,1,1,1.0
